0300 sel 150 100 0 0
0300 sel 150 500 0 0
0300 sel 60 320 0 0
1400 sel 150 450 0 0
1401 sel 280 500 0 0
1401 sel 280 200 0 0
2300 sel 150 220 0 0
2310 sel 150 100 0 0
2310 sel 280 300 0 0
2311 sel 150 320 0 0
2311 sel 60 580 0 0
3400 sel 150 60 0 0
3400 sel 280 300 0 0
4310 sel 150 150 0 0
4310 sel 150 450 0 0
4310 sel 280 470 0 0
4320 sel 150 470 0 0
4320 sel 280 430 0 0
4320 sel 280 430 0 0
2100 sel 150 200 0 0
2100 sel 150 70 0 0
2110 sel 280 530 0 0
2010 sel 150 150 0 0
2010 sel 60 580 0 0
2000 sel 60 60 0 0
2020 sel 60 60 0 0
2020 sel 280 60 0 0
4100 sel 60 580 0 0
4100 sel 150 410
4200 sel_boss 280 330